5 0.39609375 0.55625 0.03125 0.12578125
0 0.56328125 0.39609375 0.00859375 0.01796875
3 0.41484375 0.646875 0.04140625 0.14296875
3 0.08359375 0.625 0.04609375 0.14609375
3 0.10234375 0.79765625 0.04921875 0.165625
1 0.478125 0.68125 0.05234375 0.15703125
1 0.578125 0.59453125 0.034375 0.125
1 0.16484375 0.56640625 0.03515625 0.1234375
1 0.37265625 0.38046875 0.028125 0.090625
1 0.01953125 0.67421875 0.03828125 0.146875
1 0.2390625 0.48359375 0.025 0.125
1 0.4953125 0.46171875 0.02421875 0.1046875
3 0.509375 0.328125 0.01875 0.07265625
3 0.95078125 0.5125 0.03984375 0.1265625
3 0.8015625 0.353125 0.0390625 0.08046875
3 0.74609375 0.43203125 0.0359375 0.08984375
1 0.9890625 0.60546875 0.021875 0.1265625
1 0.775 0.50703125 0.0296875 0.1
1 0.684375 0.40859375 0.025 0.0984375