5 0.240625 0.44921875 0.0296875 0.11171875
0 0.76796875 0.43671875 0.01015625 0.01875
3 0.91328125 0.71875 0.0484375 0.1609375
3 0.2078125 0.71328125 0.04296875 0.15625
1 0.22421875 0.60625 0.0359375 0.13046875
1 0.2640625 0.91171875 0.05703125 0.165625
1 0.615625 0.40390625 0.04765625 0.09296875
1 0.38125 0.36328125 0.03828125 0.0953125
1 0.03203125 0.46640625 0.03046875 0.11796875
1 0.503125 0.4828125 0.025 0.1171875
3 0.47890625 0.478125 0.0234375 0.1171875
3 0.8890625 0.46796875 0.02890625 0.1296875
3 0.82578125 0.38671875 0.02421875 0.103125
3 0.55625 0.421875 0.0234375 0.096875
3 0.528125 0.37890625 0.0171875 0.096875
3 0.35234375 0.39140625 0.01796875 0.09375
3 0.29296875 0.353125 0.0234375 0.09296875