5 0.5125 0.51796875 0.02890625 0.10625
3 0.83984375 0.81484375 0.04609375 0.178125
1 0.09921875 0.6359375 0.03828125 0.125
1 0.3671875 0.53828125 0.03515625 0.11015625
3 0.3890625 0.60078125 0.0265625 0.109375
3 0.5328125 0.4609375 0.02109375 0.08203125
3 0.49453125 0.40625 0.025 0.07734375
3 0.83046875 0.4296875 0.02109375 0.09375
3 0.9796875 0.53671875 0.0234375 0.1046875
3 0.1453125 0.43046875 0.02109375 0.08046875
1 0.4515625 0.43203125 0.01875 0.07734375
1 0.74765625 0.43203125 0.02265625 0.08984375
1 0.95546875 0.51953125 0.02421875 0.10625