0 0.34765625 0.48359375 0.01328125 0.01875
3 0.8078125 0.8703125 0.06796875 0.171875
3 0.24375 0.44140625 0.03515625 0.10703125
1 0.44375 0.50625 0.03984375 0.1265625
1 0.5703125 0.70859375 0.03984375 0.13671875
1 0.52578125 0.42265625 0.028125 0.0953125
3 0.0140625 0.70546875 0.028125 0.1640625
3 0.32890625 0.34375 0.0234375 0.0953125
3 0.753125 0.56875 0.03359375 0.10625
3 0.76484375 0.38359375 0.0265625 0.09375
3 0.74921875 0.27890625 0.0171875 0.06328125
1 0.56875 0.34765625 0.021875 0.09140625
1 0.63515625 0.5234375 0.028125 0.1171875
1 0.6984375 0.44609375 0.03125 0.09296875
5 0.80078125 0.4515625 0.03203125 0.103125
1 0.9390625 0.35390625 0.03046875 0.08828125
3 0.6078125 0.45625 0.0265625 0.08828125
3 0.6234375 0.38515625 0.01875 0.05703125