5 0.31328125 0.6265625 0.03984375 0.14296875
0 0.28203125 0.45078125 0.0109375 0.01796875
3 0.7625 0.609375 0.0421875 0.14140625
3 0.2546875 0.71953125 0.06484375 0.1546875
1 0.5578125 0.9078125 0.0578125 0.175
1 0.2328125 0.54921875 0.0359375 0.1390625
1 0.74921875 0.51953125 0.0296875 0.07890625
1 0.58828125 0.47890625 0.02890625 0.103125
3 0.371875 0.5140625 0.0328125 0.1046875
3 0.70234375 0.55625 0.0328125 0.125
3 0.5796875 0.578125 0.03046875 0.121875
3 0.61171875 0.559375 0.0359375 0.11875
3 0.65390625 0.4828125 0.02890625 0.1078125
3 0.97734375 0.7046875 0.0453125 0.15625