5 0.74453125 0.27421875 0.02578125 0.10078125
3 0.525 0.546875 0.03515625 0.13671875
3 0.64609375 0.5796875 0.04140625 0.13125
3 0.1796875 0.24921875 0.04140625 0.08359375
1 0.67890625 0.59453125 0.03828125 0.13984375
1 0.17890625 0.321875 0.03203125 0.103125
4 0.484375 0.828125 0.05390625 0.16484375
3 0.29296875 0.325 0.0375 0.1125
3 0.37578125 0.1625 0.0234375 0.09140625
3 0.5484375 0.31015625 0.0203125 0.0984375
3 0.78671875 0.35859375 0.03359375 0.115625
1 0.6578125 0.275 0.0234375 0.1015625
1 0.62265625 0.08828125 0.01875 0.08046875
0 0.1359375 0.25390625 0.009375 0.0265625
1 0.15390625 0.2 0.0296875 0.04453125