5 0.21484375 0.62421875 0.05859375 0.13828125
3 0.378125 0.51171875 0.04453125 0.13125
3 0.89375 0.60859375 0.03671875 0.13671875
3 0.603125 0.534375 0.04921875 0.11953125
1 0.909375 0.7515625 0.04140625 0.178125
1 0.3515625 0.33203125 0.0296875 0.08828125
1 0.2484375 0.503125 0.028125 0.10703125
3 0.26171875 0.63984375 0.0375 0.140625
3 0.16171875 0.45546875 0.0484375 0.1171875
3 0.0484375 0.3234375 0.03671875 0.08515625
3 0.50546875 0.4921875 0.0265625 0.1046875
1 0.484375 0.471875 0.01875 0.0984375
3 0.27578125 0.4765625 0.02265625 0.1046875