5 0.8265625 0.3921875 0.0296875 0.115625
0 0.10078125 0.56796875 0.01171875 0.02109375
3 0.45625 0.915625 0.0578125 0.16328125
1 0.5234375 0.44375 0.02890625 0.12109375
1 0.875 0.43046875 0.03984375 0.1234375
1 0.78828125 0.65625 0.03359375 0.13828125
1 0.496875 0.38671875 0.02734375 0.1015625
3 0.04921875 0.5390625 0.03125 0.14375
3 0.2578125 0.3421875 0.03125 0.115625
3 0.53671875 0.25390625 0.01796875 0.096875
3 0.65859375 0.38046875 0.0265625 0.109375
3 0.92890625 0.51484375 0.02890625 0.134375
3 0.55546875 0.40625 0.025 0.1171875
3 0.85390625 0.2546875 0.02265625 0.0953125
1 0.6484375 0.26328125 0.02578125 0.09375