5 0.52578125 0.4734375 0.04921875 0.1296875
3 0.49921875 0.60859375 0.046875 0.16328125
1 0.1015625 0.478125 0.03984375 0.1359375
1 0.42578125 0.5859375 0.03671875 0.15078125
1 0.66015625 0.46640625 0.03515625 0.12109375
1 0.13203125 0.40625 0.04609375 0.121875
1 0.26953125 0.359375 0.02890625 0.1015625
3 0.340625 0.3921875 0.02578125 0.1078125
3 0.459375 0.47890625 0.0265625 0.128125
3 0.46171875 0.32578125 0.0171875 0.0984375
3 0.56484375 0.41015625 0.03359375 0.1109375
1 0.61796875 0.4171875 0.03046875 0.11875
1 0.72421875 0.37265625 0.028125 0.103125
3 0.8203125 0.38984375 0.034375 0.103125
3 0.69375 0.44765625 0.0328125 0.1078125
1 0.48984375 0.4328125 0.028125 0.05703125