5 0.6921875 0.49921875 0.03046875 0.121875
3 0.32265625 0.57734375 0.03515625 0.134375
3 0.20390625 0.559375 0.04609375 0.13046875
1 0.52890625 0.50546875 0.034375 0.1203125
1 0.44375 0.38515625 0.02734375 0.10390625
1 0.1375 0.52890625 0.03828125 0.13046875
1 0.33125 0.4734375 0.03125 0.11328125
3 0.44296875 0.5 0.03828125 0.1171875
3 0.6015625 0.446875 0.03671875 0.103125
3 0.76171875 0.36171875 0.0359375 0.08203125
0 0.67109375 0.38828125 0.0109375 0.0296875
1 0.9703125 0.41640625 0.021875 0.0984375
1 0.65 0.409375 0.02265625 0.103125
1 0.59296875 0.35625 0.021875 0.06796875
3 0.55078125 0.3375 0.01640625 0.07265625