5 0.65390625 0.4265625 0.03984375 0.1
1 0.79765625 0.546875 0.03828125 0.1359375
1 0.509375 0.6515625 0.05859375 0.14453125
1 0.3140625 0.3953125 0.03046875 0.09609375
3 0.69453125 0.80390625 0.04609375 0.16640625
1 0.54375 0.35234375 0.0234375 0.06953125
1 0.76328125 0.459375 0.0390625 0.10625
1 0.8453125 0.29296875 0.02890625 0.08046875
1 0.96953125 0.36484375 0.0234375 0.09375
1 0.64140625 0.53359375 0.02578125 0.1171875
3 0.6671875 0.55703125 0.03203125 0.1078125
3 0.659375 0.34453125 0.02109375 0.07265625
3 0.90703125 0.2890625 0.034375 0.08203125
3 0.98515625 0.45625 0.0296875 0.10625
0 0.63984375 0.36953125 0.01015625 0.0203125
3 0.32890625 0.34609375 0.0265625 0.08203125