3 0.775 0.9125 0.07265625 0.16796875
3 0.78046875 0.9015625 0.04296875 0.09140625
1 0.5 0.95 0.04921875 0.090625
1 0.61328125 0.4984375 0.03828125 0.10390625
1 0.6109375 0.33125 0.0265625 0.08515625
1 0.05703125 0.6421875 0.0328125 0.13203125
1 0.040625 0.49453125 0.0375 0.11015625
0 0.34140625 0.1015625 0.015625 0.025
3 0.5453125 0.51328125 0.02421875 0.1125
3 0.95390625 0.575 0.04453125 0.121875
3 0.92109375 0.39921875 0.0265625 0.10625
3 0.36640625 0.3671875 0.02578125 0.08359375
3 0.20625 0.396875 0.03046875 0.08359375
2 0.215625 0.3328125 0.0171875 0.08203125
1 0.87578125 0.29453125 0.02109375 0.08046875
1 0.97109375 0.42578125 0.02578125 0.1015625