5 0.90390625 0.51171875 0.0328125 0.11171875
3 0.66953125 0.92421875 0.04140625 0.14453125
3 0.71328125 0.56953125 0.0484375 0.11953125
1 0.21328125 0.696875 0.04765625 0.14921875
1 0.3234375 0.446875 0.03046875 0.1015625
0 0.30234375 0.46171875 0.0140625 0.03125
3 0.5828125 0.6015625 0.0359375 0.1296875
3 0.68046875 0.32109375 0.03046875 0.08046875
3 0.35703125 0.446875 0.034375 0.10625
3 0.9765625 0.6375 0.046875 0.1484375
1 0.5640625 0.334375 0.0265625 0.08828125
1 0.634375 0.940625 0.04140625 0.11875
1 0.8796875 0.4390625 0.028125 0.103125
3 0.91640625 0.4359375 0.02890625 0.096875