5 0.6265625 0.23828125 0.02265625 0.09453125
3 0.42421875 0.69453125 0.04140625 0.15546875
3 0.48671875 0.41015625 0.03046875 0.12578125
1 0.6984375 0.78359375 0.04453125 0.16171875
1 0.59375 0.453125 0.034375 0.128125
3 0.059375 0.54375 0.03359375 0.153125
3 0.23203125 0.240625 0.0359375 0.0984375
3 0.153125 0.11875 0.01875 0.07734375
3 0.909375 0.45078125 0.0421875 0.1421875
3 0.84375 0.08984375 0.0171875 0.07421875
3 0.39765625 0.0390625 0.01328125 0.06328125
3 0.73203125 0.21875 0.0171875 0.06328125
1 0.13984375 0.20390625 0.025 0.09296875
1 0.190625 0.428125 0.0296875 0.121875
1 0.30703125 0.26796875 0.02265625 0.10625
1 0.515625 0.075 0.0171875 0.06953125
1 0.9390625 0.14375 0.021875 0.08671875
1 0.7484375 0.2640625 0.021875 0.09296875