5 0.58203125 0.49140625 0.02421875 0.0765625
1 0.528125 0.62421875 0.04453125 0.08984375
3 0.51171875 0.54296875 0.02578125 0.0890625
1 0.70625 0.684375 0.0375 0.0984375
1 0.971875 0.74375 0.03203125 0.10859375
1 0.72890625 0.55078125 0.02421875 0.084375
0 0.2984375 0.52578125 0.0078125 0.0203125
1 0.140625 0.475 0.02578125 0.07109375
1 0.33984375 0.4578125 0.01796875 0.06640625
1 0.4015625 0.4484375 0.01640625 0.07265625
1 0.42734375 0.39296875 0.0203125 0.06953125
3 0.0578125 0.43671875 0.0203125 0.06796875
3 0.30390625 0.3578125 0.02265625 0.06171875
3 0.29921875 0.48984375 0.01640625 0.06328125
3 0.6078125 0.64609375 0.02421875 0.09375
3 0.834375 0.4015625 0.01796875 0.08046875
3 0.52890625 0.2890625 0.0171875 0.06640625
3 0.38671875 0.39609375 0.01796875 0.06640625
1 0.33125 0.39765625 0.0140625 0.07265625
4 0.86796875 0.196875 0.0171875 0.06328125
1 0.54609375 0.55859375 0.0359375 0.08671875