3 0.28203125 0.784375 0.03203125 0.10703125
3 0.28125 0.77421875 0.01953125 0.05546875
1 0.51640625 0.4390625 0.03203125 0.07578125
1 0.53125 0.27578125 0.02734375 0.0734375
1 0.496875 0.38046875 0.02109375 0.07890625
1 0.0265625 0.24140625 0.02578125 0.0765625
5 0.2359375 0.24453125 0.02421875 0.08203125
0 0.70625 0.20078125 0.0125 0.03125
2 0.64296875 0.28203125 0.02265625 0.08359375
3 0.278125 0.325 0.0296875 0.08828125
3 0.2421875 0.128125 0.02265625 0.07421875
1 0.04453125 0.36171875 0.02265625 0.08203125
3 0.48671875 0.425 0.0203125 0.06953125