3 0.465625 0.7703125 0.04296875 0.16640625
1 0.91796875 0.77421875 0.05390625 0.18203125
1 0.0921875 0.36640625 0.01640625 0.096875
1 0.3734375 0.43984375 0.01796875 0.1140625
1 0.89765625 0.4453125 0.0296875 0.128125
1 0.628125 0.33515625 0.01640625 0.08984375
1 0.45390625 0.3375 0.01875 0.08203125
1 0.54375 0.38984375 0.01796875 0.096875
3 0.5921875 0.515625 0.03359375 0.1171875
3 0.97109375 0.353125 0.02421875 0.0953125
3 0.68671875 0.35 0.021875 0.08984375
3 0.21640625 0.36953125 0.02265625 0.08203125
3 0.584375 0.34296875 0.025 0.08984375
3 0.82265625 0.41953125 0.0234375 0.0953125
3 0.52265625 0.36875 0.028125 0.09296875
5 0.596875 0.42890625 0.01796875 0.0953125