5 0.1703125 0.36328125 0.02890625 0.1015625
1 0.3703125 0.7640625 0.0484375 0.17421875
1 0.27734375 0.52109375 0.02890625 0.121875
1 0.0484375 0.47265625 0.025 0.115625
1 0.7796875 0.5109375 0.025 0.1234375
1 0.8546875 0.40546875 0.040625 0.05390625
1 0.2765625 0.3421875 0.0234375 0.09140625
1 0.340625 0.2734375 0.0203125 0.08046875
1 0.42890625 0.29140625 0.01875 0.08359375
3 0.19609375 0.2828125 0.02421875 0.08515625
3 0.303125 0.3328125 0.01796875 0.08828125
3 0.37265625 0.28125 0.02421875 0.08203125
3 0.29609375 0.253125 0.0203125 0.06796875
3 0.44765625 0.31328125 0.0203125 0.0953125
3 0.465625 0.3640625 0.02109375 0.08359375
3 0.5953125 0.3796875 0.02109375 0.0953125
3 0.63984375 0.48671875 0.02890625 0.109375
3 0.70546875 0.41015625 0.03203125 0.0984375
4 0.60859375 0.25703125 0.02109375 0.08203125