3 0.9515625 0.69296875 0.05078125 0.16640625
1 0.603125 0.85625 0.0609375 0.1734375
5 0.503125 0.5515625 0.025 0.09375
3 0.08984375 0.6109375 0.0359375 0.1328125
3 0.12890625 0.48359375 0.03046875 0.115625
3 0.27734375 0.434375 0.01796875 0.08828125
3 0.56796875 0.49453125 0.0296875 0.09140625
3 0.84375 0.48203125 0.02265625 0.1125
3 0.77265625 0.4265625 0.02421875 0.10625
3 0.68671875 0.3640625 0.0265625 0.08984375
3 0.534375 0.43671875 0.03359375 0.0984375
1 0.07109375 0.4671875 0.028125 0.1125
1 0.2515625 0.4 0.02421875 0.08359375
1 0.48359375 0.4890625 0.03359375 0.08984375
1 0.71171875 0.4515625 0.02421875 0.096875
1 0.7984375 0.5078125 0.0234375 0.1078125
1 0.58515625 0.37890625 0.02578125 0.08828125