5 0.43515625 0.5109375 0.03359375 0.13203125
3 0.64765625 0.41171875 0.03203125 0.10390625
3 0.58671875 0.38125 0.03671875 0.090625
3 0.96953125 0.51875 0.03671875 0.14609375
1 0.6828125 0.5140625 0.03046875 0.121875
1 0.5546875 0.40546875 0.0296875 0.090625
1 0.7390625 0.3859375 0.025 0.10546875
1 0.196875 0.51640625 0.04140625 0.134375
1 0.18046875 0.4296875 0.0296875 0.11328125
1 0.2609375 0.3859375 0.028125 0.09140625
3 0.30859375 0.38984375 0.025 0.1
3 0.13515625 0.41875 0.0296875 0.1125
3 0.86015625 0.42109375 0.03046875 0.1171875
0 0.57109375 0.29140625 0.0125 0.021875
1 0.065625 0.46015625 0.03125 0.1140625
3 0.05078125 0.47421875 0.01796875 0.115625