5 0.25234375 0.4265625 0.02890625 0.11484375
0 0.5421875 0.5359375 0.01171875 0.0203125
3 0.53046875 0.46640625 0.034375 0.11875
3 0.1296875 0.6484375 0.0625 0.1234375
1 0.2 0.55390625 0.03203125 0.13984375
1 0.396875 0.44375 0.028125 0.10546875
1 0.68828125 0.3734375 0.0265625 0.11015625
1 0.09921875 0.32578125 0.03984375 0.10078125
3 0.64765625 0.515625 0.0453125 0.1203125
3 0.9484375 0.353125 0.03046875 0.1046875
3 0.33359375 0.2 0.01875 0.06640625
3 0.30859375 0.25390625 0.0203125 0.07890625
3 0.29375 0.30546875 0.01796875 0.08359375
3 0.1609375 0.365625 0.02890625 0.1140625
1 0.440625 0.275 0.021875 0.09296875
1 0.1671875 0.26796875 0.0171875 0.08515625
1 0.3234375 0.31796875 0.02109375 0.08671875
1 0.2640625 0.353125 0.02265625 0.0953125