3 0.24296875 0.54140625 0.040625 0.14453125
1 0.665625 0.9 0.04921875 0.18515625
1 0.40234375 0.39375 0.046875 0.096875
0 0.66875 0.4796875 0.0109375 0.028125
3 0.3109375 0.425 0.02890625 0.11875
3 0.35078125 0.35859375 0.0328125 0.1
3 0.57421875 0.37265625 0.0265625 0.1
3 0.490625 0.30078125 0.03359375 0.1015625
3 0.73671875 0.32734375 0.03203125 0.1046875
1 0.45390625 0.334375 0.02421875 0.08515625
5 0.64375 0.3765625 0.02890625 0.09296875
3 0.69296875 0.5 0.02578125 0.1015625
1 0.984375 0.43671875 0.03125 0.1140625
1 0.68203125 0.43125 0.028125 0.06640625