5 0.54765625 0.3484375 0.02421875 0.096875
3 0.59453125 0.93984375 0.05 0.11484375
3 0.14921875 0.603125 0.03984375 0.13984375
1 0.5765625 0.6578125 0.04296875 0.13984375
1 0.6828125 0.534375 0.040625 0.11953125
1 0.296875 0.5296875 0.03671875 0.121875
1 0.26484375 0.36953125 0.02890625 0.09609375
1 0.78828125 0.4296875 0.04453125 0.09609375
0 0.57265625 0.484375 0.01640625 0.03125
3 0.7765625 0.571875 0.03046875 0.128125
3 0.4046875 0.40625 0.028125 0.08984375
3 0.64765625 0.42578125 0.028125 0.1015625
3 0.57109375 0.27734375 0.015625 0.07265625
1 0.2984375 0.25390625 0.021875 0.07265625
1 0.73828125 0.3484375 0.03203125 0.09296875
1 0.66171875 0.265625 0.0171875 0.07109375
3 0.2296875 0.2140625 0.01875 0.06953125
3 0.534375 0.17734375 0.01484375 0.05546875
1 0.98984375 0.60546875 0.0203125 0.13125