0 0.2515625 0.4875 0.00859375 0.01796875
3 0.496875 0.87421875 0.0390625 0.17109375
3 0.1671875 0.7015625 0.03828125 0.1453125
1 0.4859375 0.65078125 0.04140625 0.1203125
1 0.73046875 0.8984375 0.0453125 0.159375
1 0.2234375 0.51015625 0.03203125 0.10546875
3 0.4796875 0.5171875 0.03125 0.1046875
3 0.55 0.3390625 0.01796875 0.07578125
3 0.9265625 0.3328125 0.0234375 0.08203125
3 0.2390625 0.4515625 0.01640625 0.1
1 0.83125 0.628125 0.03359375 0.1171875
1 0.75390625 0.44296875 0.03203125 0.0984375
1 0.9828125 0.3890625 0.03203125 0.08671875
4 0.353125 0.33203125 0.028125 0.07734375