5 0.7328125 0.5640625 0.03203125 0.12890625
3 0.43359375 0.61015625 0.04140625 0.15
3 0.7265625 0.7515625 0.04140625 0.15625
1 0.97578125 0.85 0.04453125 0.17421875
1 0.51953125 0.65390625 0.03671875 0.13671875
1 0.67109375 0.565625 0.03359375 0.12578125
1 0.29375 0.56953125 0.03671875 0.1265625
1 0.87265625 0.4515625 0.03046875 0.1046875
1 0.26953125 0.5515625 0.03203125 0.134375
1 0.72421875 0.43046875 0.034375 0.09921875
3 0.5 0.51796875 0.0296875 0.096875
3 0.640625 0.446875 0.03984375 0.10625
3 0.2296875 0.5625 0.028125 0.128125
4 0.05703125 0.49453125 0.0234375 0.115625
0 0.7203125 0.46875 0.0125 0.0234375