5 0.2796875 0.50703125 0.03828125 0.10390625
3 0.19140625 0.6765625 0.03515625 0.134375
1 0.6875 0.6671875 0.03359375 0.1359375
1 0.31796875 0.55546875 0.03515625 0.10390625
1 0.9015625 0.478125 0.02890625 0.09921875
1 0.40546875 0.4515625 0.034375 0.09140625
3 0.6296875 0.525 0.03828125 0.1046875
3 0.5671875 0.45390625 0.028125 0.09296875
3 0.16953125 0.46953125 0.04140625 0.08828125
1 0.30234375 0.4265625 0.03203125 0.08515625
0 0.45234375 0.4109375 0.01484375 0.0296875
1 0.67421875 0.3890625 0.01875 0.06796875