3 0.6625 0.5125 0.0453125 0.14140625
3 0.47265625 0.43359375 0.04609375 0.134375
3 0.42734375 0.5359375 0.0421875 0.14140625
1 0.2515625 0.61328125 0.0390625 0.16328125
1 0.784375 0.6484375 0.05 0.15078125
3 0.6 0.53203125 0.0390625 0.07734375
3 0.75390625 0.43515625 0.0359375 0.1265625
3 0.87734375 0.365625 0.028125 0.1078125
4 0.34296875 0.47109375 0.06328125 0.06015625
1 0.5140625 0.43515625 0.03046875 0.1296875
1 0.8203125 0.546875 0.0328125 0.134375
3 0.81875 0.3890625 0.03828125 0.1265625
1 0.79453125 0.50390625 0.0328125 0.134375
3 0.3953125 0.4484375 0.02578125 0.128125