5 0.64453125 0.4765625 0.0296875 0.10859375
3 0.425 0.54296875 0.03984375 0.11171875
3 0.8921875 0.60390625 0.04140625 0.13203125
1 0.68203125 0.7375 0.03515625 0.1453125
1 0.3828125 0.6203125 0.0390625 0.12578125
1 0.9390625 0.74140625 0.05703125 0.1484375
1 0.24765625 0.478125 0.04375 0.10078125
3 0.1796875 0.40546875 0.0296875 0.109375
3 0.42421875 0.30859375 0.0234375 0.08984375
3 0.740625 0.34140625 0.021875 0.09296875
3 0.45 0.671875 0.05703125 0.140625
1 0.55390625 0.4015625 0.02890625 0.1015625
1 0.90625 0.40546875 0.02109375 0.09375
1 0.98828125 0.53125 0.0234375 0.14375
1 0.70625 0.63203125 0.0390625 0.09140625
1 0.6625 0.51875 0.02109375 0.1015625
3 0.665625 0.628125 0.03203125 0.08671875
3 0.41328125 0.45703125 0.025 0.07109375