3 0.08984375 0.7921875 0.040625 0.16796875
3 0.434375 0.61953125 0.03515625 0.1265625
1 0.4921875 0.60625 0.03046875 0.12890625
1 0.19140625 0.71328125 0.040625 0.1515625
1 0.69140625 0.50234375 0.0328125 0.09921875
5 0.03125 0.5328125 0.02578125 0.13125
1 0.3859375 0.44140625 0.021875 0.09296875
1 0.1859375 0.38671875 0.02109375 0.09375
3 0.025 0.38984375 0.02109375 0.1
3 0.82890625 0.52265625 0.03359375 0.1125
3 0.90859375 0.67734375 0.03671875 0.1359375
1 0.32109375 0.39453125 0.025 0.06953125
3 0.33984375 0.446875 0.0234375 0.05390625
1 0.23828125 0.45234375 0.01640625 0.05859375
1 0.79921875 0.5765625 0.02890625 0.1125
0 0.778125 0.57109375 0.0234375 0.028125
3 0.21953125 0.46171875 0.0203125 0.05859375