0 0.80390625 0.62265625 0.0171875 0.0234375
3 0.71640625 0.67109375 0.05546875 0.13828125
3 0.81640625 0.559375 0.0453125 0.11484375
1 0.8796875 0.59296875 0.04609375 0.12109375
1 0.53671875 0.4640625 0.03125 0.12109375
1 0.30234375 0.48984375 0.03359375 0.11328125
3 0.221875 0.4859375 0.03046875 0.1140625
3 0.42734375 0.2875 0.0234375 0.08515625
3 0.14609375 0.33125 0.0265625 0.09140625
1 0.28359375 0.23046875 0.02265625 0.06640625
1 0.18203125 0.321875 0.02890625 0.09140625
2 0.73828125 0.26484375 0.02890625 0.08828125